8
8
8
8
8
8
8
8
8
8
8
8
8
8
8
8
8
8
8
8
8
8
8
8
8
8
8
8
8
8
8
8
8
8
8
8
8
8
8
8
8
8
8
8
8
8
8
8
8
8
8
8
8
8
8
8.28731
8.57463
8.86194
9.14925
9.43657
9.72388
10.0112
10.2985
10.5858
10.8731
11.1604
11.4478
11.7351
12.0224
12.3097
12.597
12.8843
13.1716
13.459
13.7463
14.0336
14.3209
14.6082
14.8955
15.1828
15.4701
15.7575
16.0448
16.3321
16.6194
16.9067
17.194
17.4813
17.7687
18.056
18.3433
18.6306
18.9179
19.2052
19.4925
19.7799
20.0672
20.3545
20.6418
20.9291
21.2164
21.5037
21.791
22.0784
22.3657
22.653
22.9403
23.2276
23.5149
23.8022
24.0896
24.3769
24.6642
24.9515
25.2388
25.5261
25.8134
26.1007
26.3881
26.6754
26.9627
27.25
27.5373
27.8246
28.1119
28.3993
28.6866
28.9739
29.2612
29.5485
29.8358
30.1231
30.4104
30.6978
30.9851
31.2724
31.5597
31.847
32.1343
32.4216
32.709
32.9963
33.2836
33.5709
33.8582
34.1455
34.4328
34.7201
35.0075
35.2948
35.5821
35.8694
36.1567
36.444
36.7313
37.0187
37.306
37.5933
37.8806
38.1679
38.4552
38.7425
39.0299
39.3172
39.6045
39.8918
40.1791
40.4664
40.7537
41.041
41.3284
41.6157
41.903
42.1903
42.4776
42.7649
43.0522
43.3396
43.6269
43.9142
44.2015
44.4888
44.7761
45.0634
45.3507
45.6381
45.9254
46.2127
46.5
46.7873
47.0746
47.3619
47.6493
47.9366
48.2239
48.5112
48.7985
49.0858
49.3731
49.6604
49.9478
50.2351
50.5224
50.8097
51.097
51.3843
51.6716
51.959
52.2463
52.5336
52.8209
53.1082
53.3955
53.6828
53.9701
54.2575
54.5448
54.8321
55.1194
55.4067
55.694
55.9813
56.2687
56.556
56.8433
57.1306
57.4179
57.7052
57.9925
58.2799
58.5672
58.8545
59.1418
59.4291
59.7164
60.0037
60.291
60.5784
60.8657
61.153
61.4403
61.7276
62.0149
62.3022
62.5896
62.8769
63.1642
63.4515
63.7388
64.0261
64.3134
64.6007
64.8881
65.1754
65.4627
65.75
66.0373
66.3246
66.6119
66.8993
67.1866
67.4739
67.7612
68.0485
68.3358
68.6231
68.9104
69.1978
69.4851
69.7724
70.0597
70.347
70.6343
70.9216
71.209
71.4963
71.7836
72.0709
72.3582
72.6455
72.9328
73.2201
73.5075
73.7948
74.0821
74.3694
74.6567
74.944
75.2313
75.5187
75.806
76.0933
76.3806
76.6679
76.9552
77.2425
77.5299
77.8172
78.1045
78.3918
78.6791
78.9664
79.2537
79.541
79.8284
80.1157
80.403
80.6903
80.9776
81.2649
81.5522
81.8396
82.1269
82.4142
82.7015
82.9888
83.2761
83.5634
83.8507
84.1381
84.4254
84.7127
85
85
85
85
85
85
85
85
85
85
85
85
85
85
85
85
85
85
85
85
85
85
85
85
85
85
85
85
85
85
85
85
85
85
85
85
85
85
85
85
85
85
85
85
85
85
85
85
85
85
85
85
85
85
85
85
84.2804
83.5607
82.8411
82.1215
81.4019
80.6822
79.9626
79.243
78.5234
77.8037
77.0841
76.3645
75.6449
74.9252
74.2056
73.486
72.7664
72.0467
71.3271
70.6075
69.8879
69.1682
68.4486
67.729
67.0093
66.2897
65.5701
64.8505
64.1308
63.4112
62.6916
61.972
61.2523
60.5327
59.8131
59.0935
58.3738
57.6542
56.9346
56.215
55.4953
54.7757
54.0561
53.3364
52.6168
51.8972
51.1776
50.4579
49.7383
49.0187
48.2991
47.5794
46.8598
46.1402
45.4206
44.7009
43.9813
43.2617
42.5421
41.8224
41.1028
40.3832
39.6636
38.9439
38.2243
37.5047
36.785
36.0654
35.3458
34.6262
33.9065
33.1869
32.4673
31.7477
31.028
30.3084
29.5888
28.8692
28.1495
27.4299
26.7103
25.9907
25.271
24.5514
23.8318
23.1121
22.3925
21.6729
20.9533
20.2336
19.514
18.7944
18.0748
17.3551
16.6355
15.9159
15.1963
14.4766
13.757
13.0374
12.3178
11.5981
10.8785
10.1589
9.43925
8.71963
8
8
8
8
8
8
8
8
8
8
8
8
8
8
8
8
8
8
8
8
8
8
8
8
8
8
8
8
